6.923000000000000279e-16
9.668999999999999934e-16
6.431999999999999795e-16
4.118999999999999977e-16
1.146999999999999903e-15
9.326999999999999505e-16
5.680000000000000000e-15
1.275000000000000010e-15
6.786999999999999647e-16
2.408000000000000080e-15
2.234000000000000013e-15
6.986000000000000316e-15
9.764000000000000492e-16
5.994999999999999793e-15
6.668000000000000277e-15
8.014999999999999485e-15
8.058999999999999411e-15
1.450000000000000093e-15
1.819000000000000173e-15
3.757000000000000109e-15
4.369999999999999618e-15
6.482999999999999834e-15
5.762999999999999968e-15
8.449999999999999651e-15
1.223999999999999970e-15
2.968999999999999927e-15
6.582000000000000063e-15
3.404999999999999912e-15
3.076999999999999788e-14
1.029999999999999934e-14
1.043999999999999925e-14
7.227000000000000091e-15
4.820999999999999846e-16
4.537000000000000162e-15
1.466999999999999975e-15
1.511000000000000138e-14
1.380999999999999958e-15
1.718999999999999928e-15
2.646999999999999822e-15
2.754999999999999999e-15
1.942000000000000051e-16
1.665999999999999856e-14
6.634000000000000119e-15
6.591999999999999831e-15
1.322999999999999923e-14
9.404999999999999983e-16
5.989000000000000090e-15
7.932000000000000306e-15
6.486999999999999899e-15
1.783999999999999959e-14
4.578999999999999661e-15
1.560999999999999924e-14
3.500000000000000075e-15
8.704999999999999258e-15
4.029999999999999615e-15
9.997000000000000531e-15
7.901999999999999424e-15
2.456000000000000150e-14
7.768000000000000007e-15
4.127000000000000205e-15
1.067000000000000023e-14
7.468000000000000654e-15
6.339000000000000058e-16
6.996999999999999904e-15
1.230000000000000029e-14
7.861000000000000532e-15
1.604000000000000032e-14
6.320999999999999963e-15
9.057000000000000245e-15
7.583000000000000354e-15
3.065999999999999886e-14
4.820999999999999728e-14
6.194999999999999888e-15
6.181999999999999874e-15
1.321999999999999946e-14
8.369999999999999929e-15
6.155999999999999846e-15
5.405999999999999886e-15
7.391000000000000389e-15
4.752999999999999728e-15
8.684999999999999722e-15
6.354000000000000302e-15
1.438999999999999914e-14
3.578000000000000159e-15
2.451000000000000108e-14
1.048999999999999967e-14
1.497999999999999966e-14
6.919999999999999638e-15
1.054999999999999985e-14
7.027999999999999816e-15
9.666000000000000477e-15
1.156000000000000009e-14
1.715000000000000139e-14
1.426000000000000058e-14
1.373000000000000025e-15
1.361000000000000027e-15
6.077999999999999762e-15
1.926999999999999955e-15
1.421000000000000016e-14
6.015000000000000118e-15
8.470000000000000765e-15
6.639000000000000003e-15
8.650999999999999564e-15
8.852999999999999297e-15
6.694000000000000305e-15
4.648999999999999615e-15
1.025000000000000050e-14
1.461000000000000035e-14
1.661000000000000129e-14
7.247999999999999446e-15
1.565999999999999966e-14
1.431000000000000100e-14
9.192999999999999300e-15
9.273000000000000599e-15
6.136000000000000310e-15
2.476000000000000001e-14
1.729999999999999949e-14
1.043999999999999925e-14
3.408000000000000158e-15
2.170999999999999976e-15
7.977999999999999870e-15
1.918000000000000006e-14
7.724000000000000081e-15
1.269000000000000071e-14
5.108000000000000171e-14
4.515000000000000199e-15
8.518999999999999786e-15
3.986000000000000004e-14
2.660000000000000151e-14
2.796999999999999972e-14
1.340000000000000002e-14
3.216999999999999697e-14
1.647999999999999958e-14
4.024999999999999731e-15
3.397999999999999995e-15
9.254999999999999518e-16
7.547000000000000558e-15
1.054999999999999985e-14
5.984000000000000206e-15
1.694999999999999972e-14
1.111999999999999925e-14
3.010999999999999741e-14
1.790000000000000135e-14
2.456999999999999969e-14
8.639000000000000158e-15
1.490000000000000151e-14
1.125999999999999956e-15
1.328999999999999941e-14
3.036000000000000266e-14
3.173000000000000086e-14
3.745999999999999891e-14
2.156999999999999985e-14
1.022999999999999939e-14
1.340000000000000002e-14
1.394999999999999988e-14
1.005000000000000041e-14
2.911999999999999986e-14
1.489000000000000017e-14
1.103999999999999953e-14
1.623999999999999883e-14
3.738999999999999896e-14
1.088999999999999986e-14
3.131000000000000114e-14
2.170000000000000157e-14
1.888999999999999890e-14
1.590999999999999860e-14
2.669000000000000101e-14
3.308999999999999929e-15
7.027999999999999816e-15
1.361999999999999965e-14
4.248999999999999742e-14
2.626000000000000072e-15
1.276000000000000066e-14
3.501000000000000052e-14
1.980999999999999965e-14
4.787000000000000201e-14
2.826999999999999907e-14
8.162999999999999523e-15
1.879999999999999941e-14
7.698000000000000053e-15
8.742000000000000451e-15
2.589000000000000063e-14
8.878999999999999325e-15
1.879999999999999941e-14
1.649000000000000092e-14
3.408999999999999977e-15
3.672000000000000030e-14
5.116999999999999805e-14
1.321999999999999946e-14
2.749999999999999957e-14
6.103999999999999790e-15
3.577000000000000340e-15
2.292999999999999986e-14
1.335999999999999937e-14
1.999999999999999998e-14
1.980000000000000146e-14
2.652000000000000021e-14
2.388999999999999968e-14
1.081999999999999990e-14
4.133999999999999727e-14
6.090000000000000304e-13
2.884000000000000005e-14
2.859000000000000111e-14
1.581000000000000092e-14
4.993000000000000156e-14
3.658999999999999858e-14
4.894000000000000244e-15
4.552999999999999684e-12
1.714000000000000005e-14
2.856999999999999842e-14
2.087999999999999850e-14
2.784999999999999934e-14
3.521000000000000219e-14
5.607999999999999934e-14
1.420999999999999953e-13
6.086000000000000523e-14
8.369999999999999929e-14
4.820999999999999728e-14
3.582999999999999727e-14
9.211000000000000775e-15
4.857999999999999974e-14
1.378000000000000067e-14
4.121000000000000187e-14
3.548000000000000129e-13
1.919000000000000141e-14
3.786999999999999918e-12
4.996000000000000245e-14
8.577000000000000334e-15
4.770000000000000122e-14
7.243000000000000351e-15
1.972000000000000016e-14
7.876000000000000771e-12
6.534999999999999417e-14
3.491999999999999787e-14
6.718999999999999725e-15
3.106999999999999787e-13
1.794999999999999861e-14
4.665000000000000191e-14
4.701999999999999806e-14
3.699000000000000350e-15
2.008000000000000128e-14
4.627000000000000126e-14
2.306999999999999977e-14
2.774000000000000095e-12
1.290000000000000057e-13
9.053999999999999841e-14
1.728000000000000059e-13
4.378000000000000126e-13
1.110999999999999949e-14
3.435000000000000005e-14
6.181999999999999558e-14
3.852000000000000272e-14
6.321999999999999467e-14
6.664999999999999873e-14
1.639000000000000009e-14
1.885999999999999840e-12
